1	0.0	1.0	0.0	1.0	-1.0	1.0	-1.0	1.0
2	0.0	1.0	0.0	1.0	-1.0	1.0	-1.0	1.0
3	0.0	1.0	0.0	1.0	-1.0	1.0	-0.666666	0.666666
4	0.0	1.0	0.0	1.0	-1.0	1.0	-0.75	0.75
5	0.0	1.0	0.0	1.0	-0.8	0.8	-0.6	0.6
6	0.0	1.0	0.0	1.0	-0.833333	0.833333	-0.666666	0.666666
7	0.0	1.0	0.142857	0.857142	-0.714285	0.714285	-0.571428	0.571428
8	0.0	1.0	0.125	0.875	-0.75	0.75	-0.5	0.5
9	0.0	1.0	0.111111	0.888888	-0.666666	0.666666	-0.555555	0.555555
10	0.0	0.9	0.1	0.9	-0.7	0.7	-0.5	0.5
11	0.090909	0.90909	0.181818	0.818181	-0.636363	0.636363	-0.454545	0.545454
12	0.083333	0.916666	0.166666	0.833333	-0.583333	0.666666	-0.5	0.5
13	0.076923	0.923076	0.153846	0.846153	-0.615384	0.615384	-0.461538	0.461538
14	0.071428	0.928571	0.214285	0.785714	-0.571428	0.642857	-0.428571	0.499999
15	0.133333	0.866666	0.2	0.8	-0.533333	0.6	-0.466666	0.466666
16	0.125	0.875	0.1875	0.8125	-0.5625	0.5625	-0.4375	0.4375
17	0.117647	0.882352	0.17647	0.823529	-0.588235	0.588235	-0.411764	0.411764
18	0.111111	0.888888	0.222222	0.777777	-0.555555	0.555555	-0.444444	0.444444
19	0.105263	0.894736	0.210526	0.789473	-0.526315	0.526315	-0.421052	0.421052
20	0.15	0.85	0.2	0.8	-0.549999	0.55	-0.4	0.4
21	0.142857	0.857142	0.190476	0.809523	-0.523809	0.523809	-0.428571	0.428571
22	0.136363	0.863636	0.227272	0.772727	-0.545454	0.545454	-0.40909	0.40909
23	0.130434	0.869565	0.217391	0.782608	-0.521739	0.521739	-0.391304	0.391304
24	0.125	0.875	0.208333	0.791666	-0.541666	0.541666	-0.416666	0.416666
25	0.16	0.88	0.24	0.8	-0.52	0.52	-0.4	0.4
26	0.153846	0.846153	0.230769	0.76923	-0.5	0.5	-0.384615	0.423076
27	0.148148	0.851851	0.222222	0.777777	-0.481481	0.518518	-0.407407	0.407407
28	0.142857	0.857142	0.214285	0.785714	-0.5	0.5	-0.392857	0.392857
29	0.137931	0.827586	0.241379	0.75862	-0.517241	0.482758	-0.413793	0.37931
30	0.166666	0.833333	0.233333	0.766666	-0.5	0.5	-0.366666	0.399999
31	0.16129	0.838709	0.225806	0.774193	-0.48387	0.516129	-0.387096	0.387096
32	0.15625	0.84375	0.21875	0.78125	-0.5	0.5	-0.375	0.375
33	0.151515	0.818181	0.242424	0.757575	-0.484848	0.484848	-0.363636	0.363636
34	0.17647	0.823529	0.235294	0.764705	-0.499999	0.499999	-0.382352	0.382352
35	0.171428	0.828571	0.228571	0.771428	-0.485714	0.485714	-0.371428	0.371428
36	0.166666	0.833333	0.25	0.75	-0.472222	0.472222	-0.388888	0.361111
37	0.162162	0.837837	0.243243	0.756756	-0.486486	0.486486	-0.378378	0.351351
38	0.18421	0.842105	0.236842	0.763157	-0.499999	0.473684	-0.368421	0.368421
39	0.179487	0.820512	0.230769	0.743589	-0.487179	0.461538	-0.358974	0.358974
40	0.175	0.825	0.25	0.75	-0.5	0.475	-0.375	0.35
41	0.170731	0.829268	0.243902	0.756097	-0.463414	0.487804	-0.365853	0.365853
42	0.190476	0.809523	0.261904	0.761904	-0.45238	0.45238	-0.357142	0.357142
43	0.186046	0.813953	0.255813	0.744186	-0.465116	0.465116	-0.348837	0.372093
44	0.181818	0.818181	0.25	0.75	-0.477272	0.454545	-0.363636	0.363636
45	0.177777	0.822222	0.244444	0.755555	-0.466666	0.466666	-0.355555	0.355555
46	0.195652	0.826086	0.260869	0.73913	-0.456521	0.47826	-0.347826	0.347826
47	0.170212	0.829787	0.255319	0.74468	-0.468085	0.468085	-0.361702	0.340425
48	0.1875	0.8125	0.25	0.75	-0.458333	0.458333	-0.354166	0.354166
49	0.183673	0.816326	0.265306	0.755102	-0.448979	0.469387	-0.346938	0.346938
50	0.18	0.82	0.26	0.74	-0.459999	0.46	-0.36	0.359999
51	0.17647	0.823529	0.254901	0.745098	-0.45098	0.45098	-0.352941	0.352941
52	0.192307	0.826923	0.25	0.75	-0.461538	0.461538	-0.346153	0.346153
53	0.188679	0.830188	0.26415	0.754716	-0.45283	0.45283	-0.339622	0.339622
54	0.185185	0.814814	0.259259	0.74074	-0.444444	0.444444	-0.333333	0.351851
55	0.2	0.818181	0.254545	0.745454	-0.436363	0.454545	-0.345454	0.345454
56	0.196428	0.803571	0.25	0.75	-0.446428	0.446428	-0.339285	0.339285
57	0.175438	0.807017	0.263157	0.754385	-0.438596	0.438596	-0.333333	0.350877
58	0.189655	0.810344	0.25862	0.741379	-0.448275	0.448275	-0.344827	0.344827
59	0.18644	0.813559	0.254237	0.745762	-0.440677	0.457627	-0.338983	0.355932
60	0.2	0.816666	0.266666	0.733333	-0.449999	0.45	-0.333333	0.333333
61	0.196721	0.803278	0.262295	0.737704	-0.442622	0.459016	-0.344262	0.344262
62	0.193548	0.806451	0.258064	0.741935	-0.435483	0.435483	-0.338709	0.338709
63	0.190476	0.809523	0.269841	0.730158	-0.444444	0.444444	-0.349206	0.333333
64	0.203125	0.8125	0.265625	0.734375	-0.4375	0.4375	-0.34375	0.34375
65	0.2	0.8	0.261538	0.738461	-0.430769	0.446153	-0.338461	0.338461
66	0.212121	0.80303	0.257575	0.742424	-0.424242	0.439393	-0.333333	0.333333
67	0.194029	0.820895	0.268656	0.746268	-0.447761	0.432835	-0.343283	0.328358
68	0.205882	0.808823	0.264705	0.735294	-0.42647	0.42647	-0.338235	0.338235
69	0.202898	0.797101	0.260869	0.73913	-0.449275	0.434782	-0.347826	0.333333
70	0.185714	0.814285	0.257142	0.728571	-0.442857	0.442857	-0.342857	0.342857
71	0.197183	0.802816	0.267605	0.732394	-0.450704	0.450704	-0.338028	0.338028
72	0.194444	0.791666	0.263888	0.736111	-0.430555	0.430555	-0.333333	0.319444
73	0.205479	0.808219	0.273972	0.739726	-0.424657	0.438356	-0.328767	0.328767
74	0.189189	0.81081	0.27027	0.743243	-0.432432	0.432432	-0.337837	0.337837
75	0.2	0.8	0.266666	0.733333	-0.439999	0.426666	-0.32	0.333333
76	0.210526	0.802631	0.276315	0.736842	-0.43421	0.43421	-0.328947	0.342105
77	0.194805	0.792207	0.25974	0.727272	-0.441558	0.428571	-0.337662	0.337662
78	0.205128	0.794871	0.25641	0.730769	-0.435897	0.423076	-0.333333	0.333333
79	0.202531	0.797468	0.265822	0.734177	-0.430379	0.430379	-0.329113	0.329113
80	0.2	0.8	0.2625	0.725	-0.4375	0.425	-0.337499	0.325
81	0.19753	0.790123	0.271604	0.728395	-0.432098	0.444444	-0.333333	0.333333
82	0.207317	0.792682	0.268292	0.731707	-0.426829	0.439024	-0.329268	0.329268
83	0.204819	0.79518	0.26506	0.734939	-0.421686	0.445783	-0.337349	0.337349
84	0.20238	0.797619	0.273809	0.738095	-0.428571	0.440476	-0.321428	0.333333
85	0.188235	0.8	0.258823	0.729411	-0.435294	0.435294	-0.329411	0.329411
86	0.197674	0.802325	0.267441	0.732558	-0.418604	0.418604	-0.325581	0.325581
87	0.206896	0.793103	0.275862	0.735632	-0.425287	0.413793	-0.333333	0.333333
88	0.204545	0.795454	0.272727	0.727272	-0.431818	0.431818	-0.318181	0.329545
89	0.202247	0.797752	0.269662	0.730337	-0.426966	0.426966	-0.325842	0.325842
90	0.2	0.788888	0.266666	0.733333	-0.444444	0.422222	-0.333333	0.322222
91	0.208791	0.791208	0.263736	0.725274	-0.428571	0.428571	-0.32967	0.32967
92	0.206521	0.793478	0.271739	0.72826	-0.413043	0.413043	-0.326086	0.326086
93	0.204301	0.795698	0.268817	0.731182	-0.430107	0.430107	-0.32258	0.333333
94	0.212765	0.797872	0.276595	0.734042	-0.414893	0.425531	-0.319148	0.319148
95	0.2	0.789473	0.263157	0.726315	-0.431578	0.421052	-0.326315	0.315789
96	0.197916	0.791666	0.270833	0.729166	-0.40625	0.416666	-0.322916	0.322916
97	0.206185	0.804123	0.268041	0.731958	-0.42268	0.42268	-0.319587	0.329896
98	0.204081	0.795918	0.27551	0.724489	-0.418367	0.428571	-0.32653	0.316326
99	0.20202	0.797979	0.272727	0.727272	-0.40404	0.424242	-0.323232	0.323232
